100 10
74 6 77 76 40 18 77 61 41 75 
86 33 32 77 42 80 31 80 48 45 
83 95 79 33 88 19 34 78 85 74 
76 93 82 97 65 44 55 56 83 62 
42 42 87 92 98 93 32 35 90 68 
11 60 13 96 50 3 88 84 98 59 
79 77 64 70 61 74 95 3 46 21 
32 78 35 95 60 20 73 23 31 35 
15 83 2 15 38 14 70 57 71 78 
5 66 24 78 18 16 97 72 4 96 
45 98 25 99 41 6 21 84 52 24 
98 67 94 84 50 8 9 66 40 82 
16 31 81 12 43 97 79 70 91 98 
0 58 88 82 40 69 39 43 37 64 
77 22 21 21 30 9 87 47 93 55 
11 3 84 49 14 35 54 91 57 49 
50 46 59 10 8 21 87 1 90 82 
9 12 87 21 0 66 3 92 45 42 
28 78 59 67 83 10 90 73 52 55 
58 9 31 94 29 29 51 36 93 71 
41 71 73 80 70 20 88 85 34 71 
11 50 37 10 52 28 88 51 87 85 
89 74 38 25 29 28 93 0 78 34 
11 71 13 61 9 53 74 31 56 92 
23 92 63 44 31 72 63 92 80 52 
22 3 13 35 87 34 65 82 76 25 
37 28 32 84 13 86 72 37 23 75 
60 76 25 44 55 31 52 26 27 23 
54 5 59 67 40 2 91 0 26 65 
82 50 65 77 20 83 30 0 24 14 
93 11 37 64 28 39 48 7 43 55 
4 43 46 46 90 5 26 64 17 22 
58 61 7 14 60 34 87 44 11 77 
87 47 56 23 5 6 42 21 85 56 
80 53 86 41 77 7 42 10 79 60 
90 69 81 50 39 38 43 74 94 18 
61 11 1 48 60 88 3 47 36 74 
52 38 11 76 42 56 7 39 72 25 
35 98 72 65 0 59 85 24 31 29 
96 86 80 31 60 10 37 21 4 6 
80 61 43 61 32 32 27 30 67 64 
68 5 94 27 9 5 66 42 86 9 
98 92 69 75 27 17 38 83 59 23 
90 0 30 8 15 50 39 94 14 52 
54 73 38 88 96 99 65 2 24 34 
10 62 62 38 17 39 62 77 53 77 
10 89 60 13 41 70 32 52 84 1 
5 30 39 65 66 10 5 65 58 36 
18 18 68 38 37 15 73 63 26 27 
15 10 50 92 22 80 90 86 13 35 
67 22 58 43 55 5 7 17 57 73 
82 18 99 48 78 93 33 40 72 42 
91 35 68 24 11 31 96 2 5 82 
19 23 12 68 80 80 77 34 90 14 
52 24 20 69 84 58 46 79 60 29 
19 58 84 64 18 98 25 26 23 71 
4 44 78 20 87 16 64 92 62 70 
55 34 43 41 85 8 32 41 37 76 
76 76 36 44 21 32 91 88 33 50 
54 94 54 53 18 34 8 33 12 0 
2 14 18 68 0 44 95 44 75 61 
27 89 4 16 1 7 84 65 96 55 
85 22 1 8 77 37 71 30 43 51 
78 8 96 82 2 24 60 2 12 1 
91 31 75 76 15 86 5 29 50 25 
1 17 10 90 49 65 81 76 4 70 
40 99 82 20 52 58 5 62 79 62 
28 27 13 28 99 11 27 68 17 63 
94 30 70 56 80 11 85 84 99 34 
63 60 16 40 30 67 31 61 33 42 
18 25 53 97 20 19 53 69 19 42 
11 32 69 45 78 79 56 37 97 34 
79 95 22 75 49 15 0 81 89 37 
10 92 83 58 73 88 33 87 22 82 
34 6 97 14 78 7 6 90 8 83 
90 95 0 19 85 71 60 75 47 36 
1 69 74 57 52 81 31 63 3 52 
9 82 18 11 15 66 6 94 90 33 
26 69 54 38 86 49 26 93 29 48 
68 38 95 56 23 64 75 51 44 23 
60 1 40 73 98 18 39 47 48 59 
46 64 20 79 71 80 39 3 3 27 
5 75 66 72 60 7 75 96 65 67 
94 4 40 12 73 72 42 65 43 38 
10 57 34 71 84 94 61 5 32 59 
61 83 98 23 57 45 56 27 8 71 
55 30 55 58 92 31 53 30 86 56 
66 47 96 14 61 19 60 6 70 84 
67 11 28 71 17 49 77 14 62 78 
66 1 31 67 82 76 43 56 48 38 
98 13 57 9 63 93 32 19 30 33 
52 94 24 93 92 73 7 56 34 31 
79 69 63 96 15 7 48 94 2 57 
53 50 62 47 94 33 70 33 15 59 
88 94 86 75 58 62 5 92 86 72 
5 19 2 8 25 41 10 33 92 34 
85 67 50 38 90 39 19 91 46 0 
14 35 0 10 89 98 14 38 38 61 
84 18 85 99 8 15 97 89 55 77 
58 82 47 62 65 76 58 7 60 94